[gd_scene load_steps=9 format=3 uid="uid://c31qh3t4udy3s"]

[ext_resource type="Script" path="res://script/old_man.gd" id="1_dm7o0"]
[ext_resource type="ArrayMesh" uid="uid://bq1erhd88ptf4" path="res://resources/old_man.tres" id="2_17lxp"]
[ext_resource type="Environment" uid="uid://bh6ngc7n6gjkj" path="res://resources/camera_environment.tres" id="3_p6d38"]

[sub_resource type="Skin" id="Skin_sbnu0"]
resource_name = "Skin"
bind_count = 34
bind/0/name = &"mixamorigNeck"
bind/0/bone = -1
bind/0/pose = Transform3D(1, 0, 0, 0, 1, 6.93889e-18, 0, -6.93889e-18, 1, -0.23042, -150.295, 1.11862)
bind/1/name = &"mixamorigHead"
bind/1/bone = -1
bind/1/pose = Transform3D(1, 0, 0, 0, 1, 6.93889e-18, 0, -6.93889e-18, 1, -0.23042, -160.102, -0.951452)
bind/2/name = &"mixamorigSpine2"
bind/2/bone = -1
bind/2/pose = Transform3D(1, 0, 0, 0, 0.998743, -0.0501142, 0, 0.0501142, 0.998743, -0.23042, -136.095, -6.41468)
bind/3/name = &"mixamorigSpine"
bind/3/bone = -1
bind/3/pose = Transform3D(1, 0, 0, 0, 0.998743, -0.0501142, 0, 0.0501142, 0.998743, -0.23042, -112.65, -6.41468)
bind/4/name = &"mixamorigSpine1"
bind/4/bone = -1
bind/4/pose = Transform3D(1, 0, 0, 0, 0.998743, -0.0501142, 0, 0.0501142, 0.998743, -0.23042, -123.591, -6.41468)
bind/5/name = &"mixamorigHips"
bind/5/bone = -1
bind/5/pose = Transform3D(1, 0, 0, 0, 1, 0, 0, 0, 1, -0.23042, -103.463, -1.23126)
bind/6/name = &"mixamorigLeftUpLeg"
bind/6/bone = -1
bind/6/pose = Transform3D(-0.996815, -0.0797442, -0.000736873, 0.0797476, -0.996773, -0.00921065, 1.81463e-11, -0.00924008, 0.999957, 16.8499, 97.2484, -0.649368)
bind/7/name = &"mixamorigLeftArm"
bind/7/bone = -1
bind/7/pose = Transform3D(-0.0448337, -0.0397321, -0.998204, 0.844996, -0.534512, -0.016677, -0.532889, -0.844226, 0.0575377, 5.41104, 63.18, 130.965)
bind/8/name = &"mixamorigLeftShoulder"
bind/8/bone = -1
bind/8/pose = Transform3D(-0.0152085, -0.050121, -0.998627, 0.943928, -0.330143, 0.00219437, -0.3298, -0.942599, 0.0523316, 6.41916, 43.6106, 141.799)
bind/9/name = &"mixamorigLeftLeg"
bind/9/bone = -1
bind/9/pose = Transform3D(-0.996098, -0.088249, -0.000815462, 0.0882378, -0.995716, -0.0276195, 0.00162543, -0.0275837, 0.999618, 17.2919, 51.7168, 0.303195)
bind/10/name = &"mixamorigLeftFoot"
bind/10/bone = -1
bind/10/pose = Transform3D(-0.996021, -0.0885445, 0.0100827, 0.0590988, -0.571598, 0.818402, -0.0667018, 0.815742, 0.574557, 17.2942, 3.87138, -5.6439)
bind/11/name = &"mixamorigLeftToeBase"
bind/11/bone = -1
bind/11/pose = Transform3D(-0.997079, 0.00593026, 0.0761433, 0.0761768, 0.00564143, 0.997078, 0.00548337, 0.999967, -0.0060767, 16.5297, -12.866, -0.223998)
bind/12/name = &"mixamorigLeftForeArm"
bind/12/bone = -1
bind/12/pose = Transform3D(-0.0299046, -0.0491651, -0.998343, 0.84976, -0.527169, 0.000507416, -0.52632, -0.848337, 0.0575433, 6.01601, 33.1883, 131.226)
bind/13/name = &"mixamorigLeftHand"
bind/13/bone = -1
bind/13/pose = Transform3D(0.239391, 0.275242, -0.931093, 0.848014, -0.52628, 0.0624561, -0.472825, -0.804532, -0.359395, -48.3669, 6.52195, 122.13)
bind/14/name = &"mixamorigLeftHandIndex1"
bind/14/bone = -1
bind/14/pose = Transform3D(0.223406, 0.285087, -0.932103, 0.816481, -0.577053, 0.0192002, -0.532399, -0.765334, -0.361685, -48.333, 6.44334, 121.826)
bind/15/name = &"mixamorigLeftHandThumb1"
bind/15/bone = -1
bind/15/pose = Transform3D(0.603298, 0.00170053, -0.797514, 0.642236, -0.593908, 0.484568, -0.472826, -0.804531, -0.359396, -40.1496, 23.3833, 122.13)
bind/16/name = &"mixamorigLeftHandIndex2"
bind/16/bone = -1
bind/16/pose = Transform3D(0.223406, 0.285087, -0.932103, 0.488409, -0.860303, -0.146065, -0.843532, -0.422616, -0.331436, -48.6508, 56.1623, 108.117)
bind/17/name = &"mixamorigLeftHandIndex3"
bind/17/bone = -1
bind/17/pose = Transform3D(0.223406, 0.285087, -0.932103, 0.781482, -0.623918, -0.00352237, -0.58256, -0.727634, -0.362177, -48.1613, 4.78357, 119.705)
bind/18/name = &"mixamorigLeftHandThumb2"
bind/18/bone = -1
bind/18/pose = Transform3D(0.603298, 0.00170053, -0.797514, 0.458722, -0.818759, 0.345265, -0.652385, -0.574135, -0.494736, -40.3354, 57.4136, 109.566)
bind/19/name = &"mixamorigLeftHandThumb3"
bind/19/bone = -1
bind/19/pose = Transform3D(0.603298, 0.00170053, -0.797514, 0.447779, -0.828219, 0.336967, -0.659943, -0.560402, -0.500424, -40.0379, 55.7159, 108.652)
bind/20/name = &"mixamorigRightShoulder"
bind/20/bone = -1
bind/20/pose = Transform3D(-0.0198507, 0.0501192, 0.998546, -0.943928, -0.330143, -0.00219437, 0.329553, -0.942599, 0.0538625, -6.41088, 44.0407, 141.648)
bind/21/name = &"mixamorigRightArm"
bind/21/bone = -1
bind/21/pose = Transform3D(-0.0429469, 0.0420241, 0.998193, -0.845033, -0.534535, -0.0138532, 0.532987, -0.844101, 0.0584684, -5.61495, 63.5741, 130.708)
bind/22/name = &"mixamorigRightUpLeg"
bind/22/bone = -1
bind/22/pose = Transform3D(-0.996815, 0.0797412, 0.000883506, -0.0797461, -0.996754, -0.0110437, 2.9489e-11, -0.011079, 0.999939, -16.3904, 97.2864, -0.488871)
bind/23/name = &"mixamorigRightLeg"
bind/23/bone = -1
bind/23/pose = Transform3D(-0.996098, 0.088247, 0.000977747, -0.0882436, -0.995781, -0.0251768, -0.00124816, -0.0251649, 0.999683, -16.8329, 51.7564, 0.243146)
bind/24/name = &"mixamorigRightFoot"
bind/24/bone = -1
bind/24/pose = Transform3D(-0.996023, 0.0885203, -0.0100958, -0.0590825, -0.57144, 0.818515, 0.066686, 0.815856, 0.574397, -16.8345, 3.8593, -5.70268)
bind/25/name = &"mixamorigRightToeBase"
bind/25/bone = -1
bind/25/pose = Transform3D(-0.997103, -0.00557376, -0.0758648, -0.0758961, 0.00563401, 0.9971, -0.00513018, 0.999969, -0.00604071, -16.07, -12.8776, -0.21571)
bind/26/name = &"mixamorigRightForeArm"
bind/26/bone = -1
bind/26/pose = Transform3D(-0.0246933, 0.0535545, 0.99826, -0.849738, -0.527155, 0.00726131, 0.526626, -0.84808, 0.0585245, -6.3628, 33.5895, 130.964)
bind/27/name = &"mixamorigRightHand"
bind/27/bone = -1
bind/27/pose = Transform3D(0.216463, -0.368894, 0.903914, -0.855026, -0.51854, -0.00686427, 0.471248, -0.771384, -0.427659, 57.3646, 5.47255, 117.974)
bind/28/name = &"mixamorigRightHandIndex1"
bind/28/bone = -1
bind/28/pose = Transform3D(0.273557, -0.333133, 0.902324, -0.774726, -0.632295, 0.00143289, 0.570058, -0.699446, -0.431056, 57.4489, 15.0658, 116.916)
bind/29/name = &"mixamorigRightHandThumb1"
bind/29/bone = -1
bind/29/pose = Transform3D(0.627911, -0.0470949, 0.776859, -0.619397, -0.634624, 0.462168, 0.471248, -0.771384, -0.427658, 46.4315, 29.5942, 117.974)
bind/30/name = &"mixamorigRightHandIndex2"
bind/30/bone = -1
bind/30/pose = Transform3D(0.273557, -0.333133, 0.902324, -0.506722, -0.847285, -0.159191, 0.817557, -0.41368, -0.400586, 57.6776, 52.8096, 104.787)
bind/31/name = &"mixamorigRightHandIndex3"
bind/31/bone = -1
bind/31/pose = Transform3D(0.273557, -0.333133, 0.902324, -0.814214, -0.579635, 0.0328466, 0.512076, -0.743671, -0.429805, 57.1256, -2.31352, 115.498)
bind/32/name = &"mixamorigRightHandThumb2"
bind/32/bone = -1
bind/32/pose = Transform3D(0.627911, -0.0470949, 0.776859, -0.507976, -0.781039, 0.363233, 0.58965, -0.622704, -0.514346, 46.5831, 49.7099, 110.048)
bind/33/name = &"mixamorigRightHandThumb3"
bind/33/bone = -1
bind/33/pose = Transform3D(0.627911, -0.0470949, 0.776859, -0.358157, -0.90368, 0.234704, 0.690978, -0.425611, -0.584298, 46.4703, 70.3225, 96.4197)

[sub_resource type="Animation" id="Animation_1v7pj"]
resource_name = "Sitting(2)"
length = 3.78333
loop_mode = 1
tracks/0/type = "position_3d"
tracks/0/imported = true
tracks/0/enabled = true
tracks/0/path = NodePath("Node/Skeleton3D:mixamorigHips")
tracks/0/interp = 1
tracks/0/loop_wrap = true
tracks/0/keys = PackedFloat32Array(0, 1, 0.613446, 61.42, -22.9677, 0.0333333, 1, 0.632194, 61.4218, -22.9727, 0.0666667, 1, 0.649922, 61.4231, -22.9777, 0.1, 1, 0.666536, 61.425, -22.9826, 0.133333, 1, 0.681883, 61.4285, -22.9863, 0.166667, 1, 0.695548, 61.4341, -22.9874, 0.233333, 1, 0.687776, 61.4384, -22.9779, 0.266667, 1, 0.683331, 61.4386, -22.9738, 0.3, 1, 0.678956, 61.4377, -22.9702, 0.333333, 1, 0.67565, 61.4368, -22.9662, 0.366667, 1, 0.674391, 61.4366, -22.9613, 0.4, 1, 0.675483, 61.4371, -22.9559, 0.433333, 1, 0.678205, 61.4375, -22.9513, 0.466667, 1, 0.681076, 61.4373, -22.9485, 0.5, 1, 0.682894, 61.4363, -22.9479, 0.533333, 1, 0.683474, 61.435, -22.9489, 0.566667, 1, 0.683322, 61.4339, -22.9504, 0.6, 1, 0.683099, 61.4339, -22.9511, 0.633333, 1, 0.683094, 61.4363, -22.9498, 0.666667, 1, 0.68339, 61.4415, -22.9469, 0.7, 1, 0.68444, 61.4491, -22.9458, 0.733333, 1, 0.687441, 61.4577, -22.9526, 0.766667, 1, 0.692255, 61.4667, -22.9698, 0.8, 1, 0.697235, 61.4752, -22.9918, 0.833333, 1, 0.697353, 61.4823, -23.0055, 0.866667, 1, 0.693573, 61.4867, -23.0093, 0.9, 1, 0.688774, 61.4897, -23.0089, 0.933333, 1, 0.686184, 61.4939, -23.0109, 0.966667, 1, 0.687088, 61.4993, -23.0175, 1, 1, 0.691004, 61.5025, -23.0252, 1.03333, 1, 0.696587, 61.5002, -23.0289, 1.06667, 1, 0.702108, 61.4939, -23.0266, 1.1, 1, 0.706732, 61.4872, -23.0204, 1.13333, 1, 0.710842, 61.4824, -23.0144, 1.16667, 1, 0.715131, 61.4797, -23.0106, 1.2, 1, 0.719874, 61.478, -23.0089, 1.23333, 1, 0.72454, 61.4774, -23.0085, 1.26667, 1, 0.728182, 61.4777, -23.0083, 1.3, 1, 0.730071, 61.4778, -23.0084, 1.33333, 1, 0.730014, 61.4764, -23.0088, 1.36667, 1, 0.72804, 61.4731, -23.0081, 1.4, 1, 0.724231, 61.4692, -23.0049, 1.43333, 1, 0.718362, 61.4665, -23.0001, 1.46667, 1, 0.710731, 61.4653, -22.9967, 1.5, 1, 0.702597, 61.4639, -22.998, 1.53333, 1, 0.696455, 61.4611, -23.0059, 1.56667, 1, 0.695384, 61.4595, -23.0191, 1.6, 1, 0.700815, 61.4639, -23.034, 1.63333, 1, 0.71095, 61.4749, -23.0475, 1.66667, 1, 0.721523, 61.4862, -23.0577, 1.7, 1, 0.728647, 61.4905, -23.0647, 1.73333, 1, 0.731411, 61.4858, -23.0698, 1.76667, 1, 0.731601, 61.4754, -23.0747, 1.8, 1, 0.731421, 61.4638, -23.0794, 1.83333, 1, 0.732133, 61.4538, -23.0829, 1.86667, 1, 0.733703, 61.4464, -23.0842, 1.9, 1, 0.735344, 61.4405, -23.0834, 1.93333, 1, 0.736386, 61.4344, -23.0817, 1.96667, 1, 0.736652, 61.4279, -23.0804, 2, 1, 0.736102, 61.4218, -23.0799, 2.03333, 1, 0.734638, 61.4166, -23.0791, 2.06667, 1, 0.732439, 61.4109, -23.0764, 2.1, 1, 0.730028, 61.4034, -23.0706, 2.13333, 1, 0.727957, 61.3943, -23.0618, 2.16667, 1, 0.726284, 61.3853, -23.0509, 2.2, 1, 0.724656, 61.3789, -23.0392, 2.23333, 1, 0.722767, 61.3755, -23.0282, 2.26667, 1, 0.720895, 61.3737, -23.0195, 2.3, 1, 0.719198, 61.3711, -23.0131, 2.36667, 1, 0.714784, 61.3639, -23.0033, 2.4, 1, 0.71124, 61.3611, -22.998, 2.43333, 1, 0.706341, 61.3589, -22.9933, 2.46667, 1, 0.700021, 61.3569, -22.9928, 2.5, 1, 0.69254, 61.3544, -22.9985, 2.53333, 1, 0.684726, 61.3515, -23.0074, 2.56667, 1, 0.677399, 61.348, -23.0137, 2.6, 1, 0.670907, 61.3443, -23.0154, 2.63333, 1, 0.665751, 61.3414, -23.0162, 2.66667, 1, 0.662674, 61.3406, -23.0209, 2.7, 1, 0.662108, 61.3412, -23.0284, 2.73333, 1, 0.663797, 61.3404, -23.0325, 2.76667, 1, 0.667228, 61.3364, -23.029, 2.8, 1, 0.671363, 61.3312, -23.0205, 2.83333, 1, 0.674722, 61.3279, -23.0127, 2.86667, 1, 0.676492, 61.3279, -23.0088, 2.9, 1, 0.67701, 61.3297, -23.0106, 2.93333, 1, 0.67751, 61.3323, -23.0202, 2.96667, 1, 0.679214, 61.3351, -23.0393, 3, 1, 0.681388, 61.3372, -23.0632, 3.03333, 1, 0.682149, 61.3379, -23.083, 3.06667, 1, 0.680432, 61.3373, -23.0932, 3.1, 1, 0.676936, 61.3366, -23.095, 3.13333, 1, 0.672554, 61.3363, -23.0929, 3.16667, 1, 0.667576, 61.3361, -23.0895, 3.2, 1, 0.661957, 61.3359, -23.0851, 3.23333, 1, 0.655532, 61.3349, -23.0792, 3.26667, 1, 0.648239, 61.3335, -23.0714, 3.3, 1, 0.64019, 61.3321, -23.0625, 3.33333, 1, 0.632226, 61.3313, -23.0539, 3.36667, 1, 0.625569, 61.3308, -23.0466, 3.4, 1, 0.621124, 61.3303, -23.0411, 3.43333, 1, 0.619289, 61.3309, -23.0382, 3.46667, 1, 0.62031, 61.3361, -23.0394, 3.5, 1, 0.624612, 61.35, -23.0447, 3.53333, 1, 0.631172, 61.3726, -23.0517, 3.56667, 1, 0.636643, 61.3967, -23.0546, 3.6, 1, 0.637214, 61.4131, -23.0492, 3.63333, 1, 0.631367, 61.418, -23.0365, 3.66667, 1, 0.619973, 61.4155, -23.0222, 3.7, 1, 0.605903, 61.41, -23.0091, 3.73333, 1, 0.59262, 61.4042, -22.9985, 3.76667, 1, 0.584916, 61.4013, -22.9908, 3.78333, 1, 0.583901, 61.4013, -22.9878)
tracks/1/type = "rotation_3d"
tracks/1/imported = true
tracks/1/enabled = true
tracks/1/path = NodePath("Node/Skeleton3D:mixamorigHips")
tracks/1/interp = 1
tracks/1/loop_wrap = true
tracks/1/keys = PackedFloat32Array(0, 1, -0.25128, -0.051185, 0.00655137, 0.966538, 0.0666667, 1, -0.250434, -0.0510984, 0.00717164, 0.966758, 0.166667, 1, -0.249451, -0.0509103, 0.00783577, 0.967016, 0.333333, 1, -0.249799, -0.0505964, 0.00690895, 0.96695, 0.466667, 1, -0.250289, -0.0499844, 0.00600099, 0.966861, 0.633333, 1, -0.250694, -0.0490931, 0.00547888, 0.966805, 0.933333, 1, -0.251386, -0.0490173, 0.00467237, 0.966634, 1.06667, 1, -0.251892, -0.048342, 0.00399822, 0.966539, 1.2, 1, -0.252067, -0.047566, 0.00322477, 0.966535, 1.43333, 1, -0.252758, -0.0477545, 0.00251056, 0.966347, 1.53333, 1, -0.253391, -0.0482026, 0.00231477, 0.96616, 1.56667, 1, -0.25401, -0.0490286, 0.00238731, 0.965955, 1.6, 1, -0.255213, -0.0508687, 0.00266912, 0.965542, 1.63333, 1, -0.25689, -0.053435, 0.00311242, 0.964957, 1.66667, 1, -0.258502, -0.0557721, 0.0035369, 0.964393, 1.7, 1, -0.259546, -0.0570826, 0.00376166, 0.964035, 1.8, 1, -0.259783, -0.0561965, 0.00334441, 0.964025, 1.86667, 1, -0.259576, -0.0549689, 0.00295582, 0.964153, 1.96667, 1, -0.259266, -0.0535323, 0.00238489, 0.964318, 2.06667, 1, -0.259083, -0.0524446, 0.00195665, 0.964428, 2.16667, 1, -0.258768, -0.0514378, 0.00156403, 0.964568, 2.26667, 1, -0.258383, -0.0505465, 0.00112386, 0.964719, 2.36667, 1, -0.257984, -0.0495817, 0.000869116, 0.964876, 2.53333, 1, -0.2574, -0.04861, 0.00074302, 0.965081, 2.7, 1, -0.256753, -0.0477352, 0.000846732, 0.965297, 2.73333, 1, -0.256369, -0.0471196, 0.000809858, 0.965429, 2.76667, 1, -0.255743, -0.0462792, 0.000622578, 0.965636, 2.8, 1, -0.255115, -0.0455989, 0.000287756, 0.965835, 3.03333, 1, -0.25433, -0.0461088, -7.05862e-05, 0.966018, 3.16667, 1, -0.253213, -0.0456111, 0.00053056, 0.966335, 3.26667, 1, -0.252142, -0.0448252, 0.00112716, 0.966651, 3.4, 1, -0.25063, -0.0440402, 0.00181971, 0.967079, 3.46667, 1, -0.250447, -0.0447039, 0.00211109, 0.967095, 3.5, 1, -0.251106, -0.0461787, 0.00258279, 0.966854, 3.56667, 1, -0.253415, -0.0506185, 0.00410675, 0.966024, 3.6, 1, -0.253943, -0.0519097, 0.00474723, 0.965814, 3.66667, 1, -0.253075, -0.0517049, 0.00543662, 0.966049, 3.73333, 1, -0.252001, -0.0513079, 0.0060508, 0.966347, 3.78333, 1, -0.25128, -0.0511863, 0.00654965, 0.966538)
tracks/2/type = "rotation_3d"
tracks/2/imported = true
tracks/2/enabled = true
tracks/2/path = NodePath("Node/Skeleton3D:mixamorigSpine")
tracks/2/interp = 1
tracks/2/loop_wrap = true
tracks/2/keys = PackedFloat32Array(0, 1, 0.198058, 0.0333022, -0.00397097, 0.979616, 0.1, 1, 0.196521, 0.0327272, -0.00443468, 0.979943, 0.2, 1, 0.19532, 0.032168, -0.00425443, 0.980203, 0.266667, 1, 0.194994, 0.0318656, -0.0032788, 0.980281, 0.366667, 1, 0.195157, 0.0313272, -0.00168562, 0.98027, 0.6, 1, 0.195683, 0.0314032, -0.00300054, 0.98016, 0.7, 1, 0.196599, 0.0320041, -0.00284376, 0.979957, 0.766667, 1, 0.197317, 0.0319242, -0.00144481, 0.979819, 0.8, 1, 0.196412, 0.0319752, -0.00307425, 0.979995, 0.866667, 1, 0.197147, 0.0319646, -0.00183111, 0.979851, 0.933333, 1, 0.197806, 0.0317622, -0.000386591, 0.979726, 1, 1, 0.198456, 0.0313806, 0.000432843, 0.979607, 1.1, 1, 0.199161, 0.0303942, 0.000704819, 0.979495, 1.23333, 1, 0.19996, 0.0295933, 0.00172615, 0.979356, 1.33333, 1, 0.201206, 0.0293488, 0.00278287, 0.979105, 1.46667, 1, 0.201646, 0.0289967, 0.0038633, 0.979022, 1.53333, 1, 0.202734, 0.0296342, 0.00436146, 0.978776, 1.56667, 1, 0.204015, 0.0303918, 0.0045761, 0.978485, 1.6, 1, 0.205736, 0.0313923, 0.00472706, 0.978093, 1.63333, 1, 0.207662, 0.0324765, 0.00478931, 0.97765, 1.66667, 1, 0.209478, 0.0334294, 0.0047568, 0.97723, 1.7, 1, 0.210891, 0.03406, 0.00464695, 0.976905, 1.76667, 1, 0.21198, 0.0340907, 0.00434305, 0.97667, 1.83333, 1, 0.211313, 0.0330554, 0.00410833, 0.976851, 1.9, 1, 0.210333, 0.0320181, 0.00385923, 0.977098, 2, 1, 0.209667, 0.0312588, 0.00300671, 0.977269, 2.16667, 1, 0.208107, 0.0310162, 0.000950597, 0.977614, 2.26667, 1, 0.206859, 0.0309771, 0.000246786, 0.97788, 2.46667, 1, 0.206141, 0.030386, 0.000582424, 0.97805, 2.66667, 1, 0.206036, 0.0293293, 0.00028296, 0.978105, 2.73333, 1, 0.205061, 0.0282342, 0.000855665, 0.978341, 2.8, 1, 0.203688, 0.0271683, 0.00202956, 0.978657, 2.86667, 1, 0.202823, 0.0267251, 0.00332278, 0.978845, 3, 1, 0.203201, 0.0271205, 0.00415819, 0.978752, 3.13333, 1, 0.202296, 0.027135, 0.00308528, 0.978944, 3.2, 1, 0.201176, 0.0269931, 0.00205825, 0.979181, 3.26667, 1, 0.199706, 0.0268275, 0.000976823, 0.979488, 3.33333, 1, 0.197895, 0.0266675, 0.000290141, 0.97986, 3.4, 1, 0.196593, 0.0268886, 8.90731e-05, 0.980116, 3.43333, 1, 0.196586, 0.0273777, 3.26539e-05, 0.980104, 3.46667, 1, 0.197148, 0.0282114, -9.91621e-05, 0.979968, 3.5, 1, 0.198182, 0.0293561, -0.000353192, 0.979725, 3.53333, 1, 0.199417, 0.0306683, -0.000738162, 0.979434, 3.56667, 1, 0.200478, 0.0319268, -0.00123256, 0.979177, 3.6, 1, 0.201016, 0.0329105, -0.00179759, 0.979033, 3.66667, 1, 0.200154, 0.0336113, -0.00288404, 0.979183, 3.73333, 1, 0.198914, 0.0335122, -0.00356892, 0.979437, 3.78333, 1, 0.198058, 0.0333033, -0.00396917, 0.979616)
tracks/3/type = "rotation_3d"
tracks/3/imported = true
tracks/3/enabled = true
tracks/3/path = NodePath("Node/Skeleton3D:mixamorigSpine1")
tracks/3/interp = 1
tracks/3/loop_wrap = true
tracks/3/keys = PackedFloat32Array(0, 1, 0.070149, 0.00528097, 0.00147554, 0.997521, 0.333333, 1, 0.0704978, 0.00516087, 0.000426502, 0.997499, 0.533333, 1, 0.0707592, 0.00494304, 0.0018171, 0.997479, 0.566667, 1, 0.0708222, 0.00482092, 0.00285326, 0.997473, 0.633333, 1, 0.0707187, 0.00464076, 0.00454474, 0.997475, 0.733333, 1, 0.0700454, 0.0047953, 0.00382279, 0.997525, 0.766667, 1, 0.0698107, 0.00492434, 0.00293396, 0.997544, 0.8, 1, 0.0704183, 0.00465334, 0.00470099, 0.997496, 0.866667, 1, 0.0699255, 0.00485887, 0.00339055, 0.997535, 0.933333, 1, 0.0694811, 0.00509631, 0.00166404, 0.997569, 1, 1, 0.0689711, 0.00518344, 0.000713836, 0.997605, 1.13333, 1, 0.0678626, 0.00500265, 0.000525151, 0.997682, 1.26667, 1, 0.0669786, 0.00501408, -0.000253225, 0.997742, 1.4, 1, 0.066229, 0.00508619, -0.000952555, 0.997791, 1.66667, 1, 0.0659349, 0.00599279, -0.00169892, 0.997804, 1.96667, 1, 0.0661011, 0.00548737, -0.000833018, 0.997797, 2.13333, 1, 0.0664224, 0.00518751, 0.000362959, 0.997778, 2.2, 1, 0.0671704, 0.00503114, 0.00133725, 0.997728, 2.26667, 1, 0.0678987, 0.00488602, 0.00225279, 0.997678, 2.76667, 1, 0.0685798, 0.00447062, 0.00154765, 0.997634, 3.4, 1, 0.0696284, 0.00429918, 0.00178862, 0.997562, 3.53333, 1, 0.0698177, 0.00500725, 0.000872568, 0.997547, 3.78333, 1, 0.070149, 0.00528098, 0.00147554, 0.997521)
tracks/4/type = "rotation_3d"
tracks/4/imported = true
tracks/4/enabled = true
tracks/4/path = NodePath("Node/Skeleton3D:mixamorigSpine2")
tracks/4/interp = 1
tracks/4/loop_wrap = true
tracks/4/keys = PackedFloat32Array(0, 1, 0.0701281, 0.00544957, 0.0017456, 0.997522, 0.333333, 1, 0.070488, 0.0052674, 0.000693541, 0.997498, 0.533333, 1, 0.0707398, 0.00503764, 0.00206718, 0.99748, 0.566667, 1, 0.0707946, 0.00498259, 0.00310402, 0.997474, 0.633333, 1, 0.0706779, 0.00492624, 0.00479868, 0.997476, 0.766667, 1, 0.0697833, 0.00512101, 0.00318901, 0.997544, 0.8, 1, 0.0703765, 0.00495787, 0.00495603, 0.997496, 0.866667, 1, 0.0698942, 0.00508385, 0.0036456, 0.997535, 0.933333, 1, 0.0694643, 0.00521537, 0.0019186, 0.997569, 1, 1, 0.0689626, 0.00524461, 0.000963718, 0.997605, 1.13333, 1, 0.0678567, 0.0050515, 0.000756559, 0.997682, 1.26667, 1, 0.0669803, 0.00503768, -2.79111e-05, 0.997742, 1.4, 1, 0.0662379, 0.00504767, -0.000735844, 0.997791, 1.66667, 1, 0.0659599, 0.00585378, -0.00146559, 0.997804, 2, 1, 0.066029, 0.00538505, -0.000482935, 0.997803, 2.13333, 1, 0.0664185, 0.00524566, 0.000582472, 0.997778, 2.2, 1, 0.0671581, 0.00513665, 0.0015594, 0.997728, 2.26667, 1, 0.0678792, 0.00502847, 0.0024771, 0.997678, 2.76667, 1, 0.0685684, 0.00455982, 0.00175626, 0.997634, 3.4, 1, 0.0696144, 0.00438511, 0.00200122, 0.997562, 3.53333, 1, 0.0698072, 0.00509642, 0.00112018, 0.997547, 3.78333, 1, 0.0701281, 0.00544957, 0.0017456, 0.997522)
tracks/5/type = "rotation_3d"
tracks/5/imported = true
tracks/5/enabled = true
tracks/5/path = NodePath("Node/Skeleton3D:mixamorigNeck")
tracks/5/interp = 1
tracks/5/loop_wrap = true
tracks/5/keys = PackedFloat32Array(0, 1, 0.134362, 0.00203574, -0.0162706, 0.990797, 0.0666667, 1, 0.133966, 0.00620903, -0.0159115, 0.990839, 0.1, 1, 0.133786, 0.00822052, -0.015682, 0.990852, 0.133333, 1, 0.13363, 0.0101317, -0.0154374, 0.990859, 0.166667, 1, 0.133524, 0.0118351, -0.0151762, 0.990859, 0.2, 1, 0.133504, 0.0131842, -0.0148806, 0.990849, 0.266667, 1, 0.1337, 0.014867, -0.014327, 0.990807, 0.333333, 1, 0.133997, 0.0163159, -0.0143046, 0.990744, 0.4, 1, 0.134429, 0.0175852, -0.0145204, 0.990661, 0.466667, 1, 0.134921, 0.0185448, -0.0149295, 0.99057, 0.533333, 1, 0.135386, 0.0191928, -0.0159958, 0.990478, 0.6, 1, 0.135804, 0.0195298, -0.0176739, 0.990386, 0.666667, 1, 0.136137, 0.0194944, -0.0190145, 0.990316, 0.966667, 1, 0.13669, 0.0186208, -0.0188603, 0.990259, 1.3, 1, 0.137541, 0.0180757, -0.0184638, 0.990159, 1.43333, 1, 0.137642, 0.0172018, -0.0178735, 0.990171, 1.53333, 1, 0.137476, 0.0156843, -0.0178745, 0.99022, 1.56667, 1, 0.137303, 0.0148075, -0.0177399, 0.990259, 1.6, 1, 0.137052, 0.0137286, -0.0175859, 0.990313, 1.63333, 1, 0.136736, 0.0124768, -0.0175117, 0.990374, 1.66667, 1, 0.136392, 0.0110972, -0.0176094, 0.990436, 1.7, 1, 0.136074, 0.00963111, -0.0179116, 0.99049, 1.73333, 1, 0.135833, 0.00809816, -0.018362, 0.990528, 1.76667, 1, 0.135686, 0.00648951, -0.0188284, 0.990552, 1.8, 1, 0.135608, 0.004779, -0.0191525, 0.990566, 1.83333, 1, 0.135548, 0.00294697, -0.0192128, 0.99058, 1.86667, 1, 0.135457, 0.00100381, -0.0189669, 0.990601, 1.93333, 1, 0.135138, -0.00299102, -0.0177817, 0.990663, 1.96667, 1, 0.134959, -0.004887, -0.0170497, 0.990692, 2, 1, 0.1348, -0.00663277, -0.0163525, 0.990716, 2.03333, 1, 0.134663, -0.00820725, -0.0157543, 0.990732, 2.06667, 1, 0.134525, -0.00962237, -0.0153006, 0.990745, 2.1, 1, 0.134355, -0.010911, -0.0150266, 0.990759, 2.23333, 1, 0.133269, -0.0154585, -0.0156939, 0.990835, 2.26667, 1, 0.13302, -0.0164966, -0.0160075, 0.990847, 2.3, 1, 0.13284, -0.0174598, -0.0162113, 0.990851, 2.36667, 1, 0.132714, -0.0190328, -0.0162023, 0.990839, 2.43333, 1, 0.132878, -0.0200366, -0.0158952, 0.990802, 2.53333, 1, 0.13359, -0.020801, -0.0154738, 0.990698, 2.63333, 1, 0.134422, -0.0213031, -0.0147511, 0.990585, 2.73333, 1, 0.134852, -0.0215587, -0.0137997, 0.990535, 2.93333, 1, 0.135194, -0.0206639, -0.0133517, 0.990514, 3.06667, 1, 0.1355, -0.019605, -0.0133165, 0.990494, 3.2, 1, 0.135537, -0.0184095, -0.0135866, 0.990508, 3.3, 1, 0.135496, -0.0171345, -0.013832, 0.990533, 3.36667, 1, 0.135507, -0.0160317, -0.0139164, 0.990549, 3.43333, 1, 0.135475, -0.0145092, -0.0140379, 0.990575, 3.46667, 1, 0.135413, -0.0134953, -0.0141994, 0.990596, 3.5, 1, 0.135324, -0.0122875, -0.0144649, 0.99062, 3.53333, 1, 0.135224, -0.0109075, -0.0148358, 0.990644, 3.56667, 1, 0.135136, -0.00941371, -0.0152863, 0.990664, 3.6, 1, 0.135073, -0.00788963, -0.015765, 0.990679, 3.63333, 1, 0.135034, -0.00643518, -0.0161956, 0.990688, 3.66667, 1, 0.134959, -0.00486049, -0.0164231, 0.990703, 3.7, 1, 0.13483, -0.00306738, -0.0164828, 0.990727, 3.73333, 1, 0.134658, -0.00109126, -0.0164343, 0.990755, 3.76667, 1, 0.134463, 0.000983589, -0.0163345, 0.990783, 3.78333, 1, 0.134362, 0.00203574, -0.0162706, 0.990797)
tracks/6/type = "rotation_3d"
tracks/6/imported = true
tracks/6/enabled = true
tracks/6/path = NodePath("Node/Skeleton3D:mixamorigHead")
tracks/6/interp = 1
tracks/6/loop_wrap = true
tracks/6/keys = PackedFloat32Array(0, 1, -0.236882, -0.00352272, 0.00576468, 0.971515, 0.0666667, 1, -0.236428, 0.0191498, 0.00324115, 0.971455, 0.1, 1, -0.236287, 0.0301924, 0.00185855, 0.971212, 0.133333, 1, -0.236243, 0.0407961, 0.000333173, 0.970837, 0.166667, 1, -0.236403, 0.0504757, -0.00147099, 0.970342, 0.2, 1, -0.236916, 0.0585779, -0.00373015, 0.969755, 0.233333, 1, -0.237837, 0.0647577, -0.00648868, 0.969122, 0.266667, 1, -0.238685, 0.0699775, -0.00912386, 0.96853, 0.3, 1, -0.239296, 0.0748727, -0.0115361, 0.967987, 0.333333, 1, -0.239679, 0.0795255, -0.013867, 0.96749, 0.366667, 1, -0.23987, 0.0839443, -0.0162516, 0.967032, 0.4, 1, -0.239933, 0.0880677, -0.0187493, 0.966605, 0.433333, 1, -0.239961, 0.0917971, -0.0213259, 0.966197, 0.466667, 1, -0.240054, 0.0950332, -0.0238828, 0.965801, 0.5, 1, -0.240271, 0.0976994, -0.0263034, 0.965418, 0.533333, 1, -0.240576, 0.099747, -0.0284857, 0.965071, 0.566667, 1, -0.240853, 0.101151, -0.0303503, 0.964799, 0.6, 1, -0.240969, 0.10191, -0.0318391, 0.964642, 0.633333, 1, -0.240856, 0.10206, -0.032926, 0.964618, 0.7, 1, -0.240226, 0.10097, -0.0340756, 0.96485, 0.766667, 1, -0.239967, 0.0992999, -0.0347406, 0.965064, 0.8, 1, -0.240388, 0.101365, -0.0338832, 0.964775, 0.866667, 1, -0.239959, 0.0996764, -0.0345502, 0.965034, 0.966667, 1, -0.24027, 0.0986722, -0.0363775, 0.964993, 1, 1, -0.240173, 0.0990604, -0.0372696, 0.964943, 1.06667, 1, -0.239321, 0.100312, -0.0389236, 0.96496, 1.13333, 1, -0.238293, 0.101068, -0.0400755, 0.965088, 1.2, 1, -0.237873, 0.100683, -0.040931, 0.965196, 1.26667, 1, -0.237878, 0.0994739, -0.0415819, 0.965293, 1.33333, 1, -0.237804, 0.0978611, -0.041638, 0.965473, 1.36667, 1, -0.237728, 0.0968836, -0.0413887, 0.965601, 1.4, 1, -0.237685, 0.0957026, -0.0410329, 0.965745, 1.43333, 1, -0.23771, 0.0942058, -0.0406703, 0.965901, 1.46667, 1, -0.237792, 0.092241, -0.0403772, 0.966083, 1.5, 1, -0.237861, 0.0896164, -0.0401631, 0.966322, 1.53333, 1, -0.237793, 0.0861174, -0.0399484, 0.966666, 1.56667, 1, -0.237446, 0.0815472, -0.0395717, 0.967163, 1.6, 1, -0.236717, 0.0757792, -0.0388236, 0.96784, 1.63333, 1, -0.235598, 0.0687963, -0.0374984, 0.968687, 1.66667, 1, -0.234209, 0.0606953, -0.0354525, 0.969642, 1.7, 1, -0.232787, 0.0516459, -0.0326442, 0.970607, 1.73333, 1, -0.231595, 0.0418225, -0.0291366, 0.971476, 1.76667, 1, -0.230797, 0.0313473, -0.0250645, 0.972174, 1.8, 1, -0.230355, 0.0202844, -0.0205922, 0.972677, 1.83333, 1, -0.230027, 0.00869884, -0.0158922, 0.973015, 1.9, 1, -0.228468, -0.0152933, -0.00653381, 0.973409, 1.93333, 1, -0.22694, -0.0270283, -0.00221472, 0.973531, 1.96667, 1, -0.225078, -0.038092, 0.00172645, 0.973594, 2, 1, -0.223206, -0.0482439, 0.00529233, 0.973562, 2.03333, 1, -0.221662, -0.0574274, 0.00854777, 0.973394, 2.06667, 1, -0.220681, -0.0657491, 0.0115645, 0.973059, 2.1, 1, -0.220336, -0.0734056, 0.0143685, 0.972552, 2.13333, 1, -0.220556, -0.0805988, 0.0169236, 0.971891, 2.16667, 1, -0.22119, -0.0874699, 0.019148, 0.971111, 2.2, 1, -0.222084, -0.0940637, 0.0209569, 0.970253, 2.23333, 1, -0.223122, -0.100327, 0.0223076, 0.969357, 2.26667, 1, -0.22423, -0.106136, 0.0232352, 0.968461, 2.3, 1, -0.225346, -0.111351, 0.0238633, 0.967601, 2.33333, 1, -0.226398, -0.115868, 0.0243832, 0.966811, 2.36667, 1, -0.227314, -0.119659, 0.0250064, 0.966118, 2.4, 1, -0.228058, -0.12279, 0.0259057, 0.965526, 2.43333, 1, -0.228669, -0.125383, 0.0271646, 0.965014, 2.46667, 1, -0.229277, -0.127576, 0.0287526, 0.964536, 2.56667, 1, -0.232519, -0.132611, 0.0340432, 0.962907, 2.6, 1, -0.234046, -0.133878, 0.035529, 0.962308, 2.63333, 1, -0.235475, -0.13495, 0.0368055, 0.961762, 2.66667, 1, -0.236584, -0.13581, 0.0379007, 0.961326, 2.7, 1, -0.237265, -0.13642, 0.0388319, 0.961034, 2.76667, 1, -0.237623, -0.136699, 0.0401191, 0.960853, 2.83333, 1, -0.237781, -0.135603, 0.0404968, 0.960954, 2.86667, 1, -0.238095, -0.134609, 0.0404066, 0.96102, 2.9, 1, -0.238562, -0.133398, 0.0402192, 0.96108, 2.93333, 1, -0.239093, -0.132037, 0.0399942, 0.961146, 3, 1, -0.239934, -0.129112, 0.0395086, 0.961354, 3.03333, 1, -0.240125, -0.12763, 0.0392068, 0.961516, 3.06667, 1, -0.240175, -0.126141, 0.038815, 0.961716, 3.1, 1, -0.240156, -0.124607, 0.0383094, 0.961941, 3.13333, 1, -0.240156, -0.122968, 0.0376952, 0.962176, 3.16667, 1, -0.240253, -0.121167, 0.0370083, 0.962407, 3.2, 1, -0.240487, -0.119168, 0.0362968, 0.962625, 3.23333, 1, -0.240841, -0.116955, 0.0355898, 0.962835, 3.26667, 1, -0.241232, -0.114517, 0.0348615, 0.963057, 3.3, 1, -0.24153, -0.111809, 0.0340119, 0.96333, 3.33333, 1, -0.241589, -0.108727, 0.0328792, 0.963708, 3.36667, 1, -0.241296, -0.105106, 0.0312966, 0.964235, 3.4, 1, -0.240631, -0.100746, 0.0291732, 0.964933, 3.43333, 1, -0.239698, -0.0954742, 0.0265643, 0.965776, 3.46667, 1, -0.238711, -0.0892085, 0.0236807, 0.966694, 3.5, 1, -0.237906, -0.0820124, 0.0208156, 0.967596, 3.53333, 1, -0.23745, -0.0741037, 0.0182198, 0.968398, 3.6, 1, -0.237486, -0.0575008, 0.0140515, 0.969586, 3.63333, 1, -0.237607, -0.0495464, 0.0121892, 0.97002, 3.66667, 1, -0.237582, -0.0409009, 0.0104613, 0.97045, 3.7, 1, -0.237463, -0.0311194, 0.00894417, 0.970857, 3.73333, 1, -0.237261, -0.020411, 0.0076095, 0.971202, 3.78333, 1, -0.236882, -0.00352272, 0.00576461, 0.971515)
tracks/7/type = "rotation_3d"
tracks/7/imported = true
tracks/7/enabled = true
tracks/7/path = NodePath("Node/Skeleton3D:mixamorigLeftShoulder")
tracks/7/interp = 1
tracks/7/loop_wrap = true
tracks/7/keys = PackedFloat32Array(0, 1, 0.53623, 0.44324, -0.596415, 0.400357, 0.0333333, 1, 0.536331, 0.443519, -0.595569, 0.401169, 0.1, 1, 0.536514, 0.444102, -0.593857, 0.402815, 0.133333, 1, 0.53659, 0.444377, -0.593066, 0.403576, 0.2, 1, 0.536654, 0.444789, -0.59197, 0.404644, 0.4, 1, 0.536501, 0.445171, -0.591357, 0.405322, 0.5, 1, 0.536776, 0.444594, -0.59221, 0.404346, 0.533333, 1, 0.537075, 0.443965, -0.593108, 0.403322, 0.566667, 1, 0.537468, 0.443135, -0.594286, 0.401974, 0.6, 1, 0.537894, 0.442229, -0.595572, 0.400497, 0.633333, 1, 0.538272, 0.441411, -0.596738, 0.399153, 0.666667, 1, 0.538538, 0.440827, -0.597576, 0.398185, 0.933333, 1, 0.538374, 0.441262, -0.596855, 0.399005, 1, 1, 0.538122, 0.44176, -0.596177, 0.399807, 1.23333, 1, 0.537688, 0.442525, -0.595291, 0.400864, 1.3, 1, 0.537532, 0.443098, -0.594248, 0.401987, 1.36667, 1, 0.537401, 0.443518, -0.593517, 0.402777, 1.53333, 1, 0.537647, 0.442859, -0.594578, 0.401608, 1.66667, 1, 0.537315, 0.442757, -0.595462, 0.400854, 1.76667, 1, 0.536878, 0.44248, -0.596967, 0.399504, 2.16667, 1, 0.536524, 0.442483, -0.597616, 0.399007, 2.2, 1, 0.536608, 0.442053, -0.598431, 0.398148, 2.23333, 1, 0.536706, 0.441525, -0.599449, 0.397069, 2.26667, 1, 0.536792, 0.441, -0.600479, 0.395977, 2.3, 1, 0.536847, 0.440584, -0.601322, 0.395086, 2.36667, 1, 0.53684, 0.440285, -0.602012, 0.394376, 2.46667, 1, 0.536709, 0.440763, -0.60118, 0.39529, 2.53333, 1, 0.536676, 0.441096, -0.600493, 0.396007, 2.66667, 1, 0.536562, 0.441514, -0.59976, 0.396806, 2.93333, 1, 0.536313, 0.441996, -0.599125, 0.397563, 3.06667, 1, 0.536738, 0.442001, -0.59835, 0.398153, 3.56667, 1, 0.535906, 0.442616, -0.598481, 0.398393, 3.73333, 1, 0.536078, 0.442858, -0.597591, 0.399226, 3.76667, 1, 0.536179, 0.443106, -0.596823, 0.399965, 3.78333, 1, 0.53623, 0.44324, -0.596415, 0.400357)
tracks/8/type = "rotation_3d"
tracks/8/imported = true
tracks/8/enabled = true
tracks/8/path = NodePath("Node/Skeleton3D:mixamorigLeftArm")
tracks/8/interp = 1
tracks/8/loop_wrap = true
tracks/8/keys = PackedFloat32Array(0, 1, 0.437181, 0.240588, 0.183658, 0.846912, 0.0666667, 1, 0.440244, 0.239372, 0.182258, 0.845972, 0.1, 1, 0.441713, 0.238793, 0.181582, 0.845515, 0.133333, 1, 0.443043, 0.238273, 0.180977, 0.845096, 0.166667, 1, 0.444072, 0.237877, 0.18053, 0.844763, 0.366667, 1, 0.443118, 0.238251, 0.181074, 0.845041, 0.533333, 1, 0.442028, 0.238746, 0.182149, 0.845242, 0.566667, 1, 0.441264, 0.239169, 0.182987, 0.84534, 0.6, 1, 0.440305, 0.239672, 0.183884, 0.845503, 0.633333, 1, 0.43929, 0.240156, 0.184653, 0.845726, 0.666667, 1, 0.438382, 0.240509, 0.185148, 0.845989, 0.733333, 1, 0.437345, 0.240612, 0.1852, 0.846485, 0.766667, 1, 0.43726, 0.240426, 0.184905, 0.846646, 0.8, 1, 0.438011, 0.240613, 0.185272, 0.846124, 0.9, 1, 0.437298, 0.240316, 0.184727, 0.846697, 1, 1, 0.437662, 0.240279, 0.183722, 0.846737, 1.06667, 1, 0.437312, 0.241135, 0.183283, 0.84677, 1.13333, 1, 0.436727, 0.241998, 0.182903, 0.846908, 1.2, 1, 0.436642, 0.242011, 0.18185, 0.847175, 1.23333, 1, 0.436896, 0.24159, 0.180839, 0.84738, 1.26667, 1, 0.437305, 0.240967, 0.179556, 0.84762, 1.3, 1, 0.437776, 0.240285, 0.178198, 0.847857, 1.33333, 1, 0.438193, 0.239713, 0.177028, 0.848048, 1.4, 1, 0.43846, 0.239343, 0.176071, 0.848214, 1.46667, 1, 0.437884, 0.239862, 0.176918, 0.848188, 1.53333, 1, 0.437226, 0.240225, 0.177992, 0.848201, 1.63333, 1, 0.43709, 0.239004, 0.177997, 0.848615, 1.73333, 1, 0.436784, 0.238125, 0.177784, 0.849064, 1.86667, 1, 0.435666, 0.239222, 0.178863, 0.849103, 1.93333, 1, 0.435272, 0.240139, 0.179215, 0.848972, 2.03333, 1, 0.435054, 0.241818, 0.179555, 0.848535, 2.16667, 1, 0.434111, 0.242427, 0.180128, 0.848723, 2.2, 1, 0.433278, 0.242306, 0.180326, 0.849141, 2.26667, 1, 0.431298, 0.242153, 0.180803, 0.850091, 2.33333, 1, 0.430114, 0.242025, 0.181147, 0.850653, 2.43333, 1, 0.431052, 0.241209, 0.181025, 0.850437, 2.5, 1, 0.432381, 0.240624, 0.180827, 0.84997, 2.63333, 1, 0.432839, 0.241413, 0.181277, 0.849417, 2.7, 1, 0.432323, 0.242286, 0.181667, 0.849348, 2.96667, 1, 0.433111, 0.242417, 0.182054, 0.848826, 3.23333, 1, 0.433982, 0.242419, 0.182232, 0.848342, 3.46667, 1, 0.434225, 0.242195, 0.183253, 0.848062, 3.53333, 1, 0.433436, 0.242212, 0.18427, 0.84824, 3.6, 1, 0.432755, 0.242258, 0.185157, 0.848382, 3.7, 1, 0.433763, 0.24194, 0.18515, 0.847959, 3.73333, 1, 0.434996, 0.241457, 0.18463, 0.847578, 3.76667, 1, 0.436429, 0.240888, 0.183997, 0.847141, 3.78333, 1, 0.437181, 0.240588, 0.183658, 0.846912)
tracks/9/type = "rotation_3d"
tracks/9/imported = true
tracks/9/enabled = true
tracks/9/path = NodePath("Node/Skeleton3D:mixamorigLeftForeArm")
tracks/9/interp = 1
tracks/9/loop_wrap = true
tracks/9/keys = PackedFloat32Array(0, 1, 0.036766, -2.61666e-05, 0.637863, 0.769272, 0.133333, 1, 0.0367117, -2.62822e-05, 0.636918, 0.770057, 0.566667, 1, 0.0366621, -2.63061e-05, 0.63606, 0.770768, 0.633333, 1, 0.036586, -2.63678e-05, 0.634738, 0.771861, 1.2, 1, 0.0366622, -2.64233e-05, 0.636055, 0.770772, 1.23333, 1, 0.0367229, -2.61607e-05, 0.637112, 0.769896, 1.3, 1, 0.036872, -2.61605e-05, 0.639697, 0.767742, 1.33333, 1, 0.0369329, -2.61941e-05, 0.640758, 0.766854, 1.4, 1, 0.0369821, -2.6269e-05, 0.641609, 0.76614, 1.5, 1, 0.0369306, -2.62629e-05, 0.640715, 0.76689, 1.83333, 1, 0.0368751, -2.61173e-05, 0.639755, 0.767694, 2.06667, 1, 0.03693, -2.62467e-05, 0.640705, 0.766899, 2.13333, 1, 0.0369929, -2.59891e-05, 0.6418, 0.76598, 2.2, 1, 0.0370554, -2.63029e-05, 0.64288, 0.76507, 2.46667, 1, 0.037005, -2.6206e-05, 0.642009, 0.765803, 3.03333, 1, 0.0369603, -2.60994e-05, 0.641234, 0.766455, 3.2, 1, 0.0369111, -2.64941e-05, 0.640375, 0.767175, 3.43333, 1, 0.0368653, -2.62622e-05, 0.639587, 0.767834, 3.66667, 1, 0.0368208, -2.61101e-05, 0.638814, 0.76848, 3.76667, 1, 0.0367743, -2.62737e-05, 0.638002, 0.769156, 3.78333, 1, 0.0367661, -2.62649e-05, 0.637863, 0.769272)
tracks/10/type = "rotation_3d"
tracks/10/imported = true
tracks/10/enabled = true
tracks/10/path = NodePath("Node/Skeleton3D:mixamorigLeftHand")
tracks/10/interp = 1
tracks/10/loop_wrap = true
tracks/10/keys = PackedFloat32Array(0, 1, -0.195927, 0.558125, -0.15951, 0.790358, 0.0666667, 1, -0.195716, 0.559634, -0.159455, 0.789353, 0.133333, 1, -0.195499, 0.560991, -0.159406, 0.788454, 0.5, 1, -0.194798, 0.560457, -0.159661, 0.788955, 0.6, 1, -0.194921, 0.559471, -0.159286, 0.7897, 1.1, 1, -0.194678, 0.558698, -0.159273, 0.790309, 1.2, 1, -0.193984, 0.55766, -0.160004, 0.791066, 1.26667, 1, -0.193298, 0.556555, -0.161018, 0.791805, 1.33333, 1, -0.192677, 0.555367, -0.161941, 0.792602, 1.66667, 1, -0.192452, 0.555855, -0.162743, 0.79215, 1.8, 1, -0.192619, 0.555115, -0.163357, 0.792502, 1.96667, 1, -0.192849, 0.554762, -0.162501, 0.792869, 2.03333, 1, -0.193388, 0.554888, -0.161389, 0.792877, 2.1, 1, -0.193975, 0.554557, -0.160111, 0.793224, 2.16667, 1, -0.194134, 0.553476, -0.159591, 0.794044, 2.23333, 1, -0.193857, 0.55215, -0.160013, 0.79495, 2.3, 1, -0.193533, 0.551434, -0.160771, 0.795373, 2.43333, 1, -0.193375, 0.552102, -0.161664, 0.794767, 2.56667, 1, -0.193523, 0.552951, -0.161651, 0.794143, 2.8, 1, -0.193568, 0.553814, -0.161724, 0.793516, 2.93333, 1, -0.194277, 0.55456, -0.160831, 0.793003, 3.03333, 1, -0.195126, 0.5548, -0.159764, 0.792842, 3.33333, 1, -0.195742, 0.5554, -0.159211, 0.792382, 3.7, 1, -0.196119, 0.556405, -0.159584, 0.791508, 3.76667, 1, -0.195974, 0.55775, -0.159524, 0.790608, 3.78333, 1, -0.195927, 0.558125, -0.15951, 0.790358)
tracks/11/type = "rotation_3d"
tracks/11/imported = true
tracks/11/enabled = true
tracks/11/path = NodePath("Node/Skeleton3D:mixamorigLeftHandThumb1")
tracks/11/interp = 1
tracks/11/loop_wrap = true
tracks/11/keys = PackedFloat32Array(0, 1, 0.178529, 0.0329202, 0.350851, 0.918666)
tracks/12/type = "rotation_3d"
tracks/12/imported = true
tracks/12/enabled = true
tracks/12/path = NodePath("Node/Skeleton3D:mixamorigLeftHandThumb2")
tracks/12/interp = 1
tracks/12/loop_wrap = true
tracks/12/keys = PackedFloat32Array(0, 1, 0.085164, -0.00893413, -0.172009, 0.981367)
tracks/13/type = "rotation_3d"
tracks/13/imported = true
tracks/13/enabled = true
tracks/13/path = NodePath("Node/Skeleton3D:mixamorigLeftHandThumb3")
tracks/13/interp = 1
tracks/13/loop_wrap = true
tracks/13/keys = PackedFloat32Array(0, 1, 0.0108263, -0.00214558, 0.0194975, 0.999749)
tracks/14/type = "rotation_3d"
tracks/14/imported = true
tracks/14/enabled = true
tracks/14/path = NodePath("Node/Skeleton3D:mixamorigLeftHandIndex1")
tracks/14/interp = 1
tracks/14/loop_wrap = true
tracks/14/keys = PackedFloat32Array(0, 1, 0.00981153, 7.21387e-05, 0.0310665, 0.999469)
tracks/15/type = "rotation_3d"
tracks/15/imported = true
tracks/15/enabled = true
tracks/15/path = NodePath("Node/Skeleton3D:mixamorigLeftHandIndex2")
tracks/15/interp = 1
tracks/15/loop_wrap = true
tracks/15/keys = PackedFloat32Array(0, 1, 0.0578122, -0.00405646, -0.0699615, 0.995865)
tracks/16/type = "rotation_3d"
tracks/16/imported = true
tracks/16/enabled = true
tracks/16/path = NodePath("Node/Skeleton3D:mixamorigLeftHandIndex3")
tracks/16/interp = 1
tracks/16/loop_wrap = true
tracks/16/keys = PackedFloat32Array(0, 1, 0.0286024, 0.00793679, 0.0802388, 0.996334)
tracks/17/type = "rotation_3d"
tracks/17/imported = true
tracks/17/enabled = true
tracks/17/path = NodePath("Node/Skeleton3D:mixamorigRightShoulder")
tracks/17/interp = 1
tracks/17/loop_wrap = true
